0.0027378507871321013 0.049899694294202955
0.046779154239797636 0.05198626341695378
0.09082045769246316 0.054079746739386925
0.13486176114512868 0.05617508965638296
0.17890306459779423 0.05826717425055308
0.22294436805045978 0.06035085240201486
0.2669856715031253 0.06242097950162337
0.31102697495579085 0.06447244841880283
0.3550682784084564 0.06650022336895213
0.39910958186112194 0.06849937332415984
0.4431508853137875 0.07046510461492232
0.487192188766453 0.07239279237937442
0.5312334922191184 0.07427801053031659
0.575274795671784 0.07611655992874337
0.6193160991244495 0.07790449447527503
0.6633574025771151 0.0796381448576507
0.7073987060297806 0.08131413972254903
0.7514400094824462 0.08292942407325854
0.7954813129351117 0.08448127473029457
0.8395226163877773 0.08596731272947984
0.8835639198404428 0.08738551257071102
0.9276052232931082 0.08873420826982703
0.9716465267457738 0.09001209620522131
1.0156878301984393 0.09121823478936343
1.0597291336511048 0.09235204103272841
1.1037704371037704 0.09341328410311248
1.1478117405564359 0.0944020760165524
1.1918530440091015 0.09531885962657688
1.235894347461767 0.0961643941058747
1.2799356509144326 0.09693973813841737
1.323976954367098 0.09764623106033855
1.3680182578197637 0.09828547220434383
1.4120595612724292 0.09885929871489417
1.4561008647250946 0.0993697621099346
1.5001421681777602 0.09981910386963634
1.5441834716304257 0.10020973033333937
1.5882247750830913 0.10054418718321174
1.6322660785357568 0.10082513378674109
1.6763073819884224 0.10105531766094866
1.7203486854410879 0.10123754930890319
1.7643899888937535 0.10137467766434796
1.808431292346419 0.10146956636330748
1.8524725957990844 0.10152507104284383
1.89651389925175 0.10154401784677484
1.9405552027044155 0.10152918329697208
1.9845965061570812 0.1014832756666679
2.0286378096097466 0.10140891796972255
2.0726791130624123 0.1013086326572187
2.1167204165150775 0.10118482809024631
2.160761719967743 0.10103978683573542
2.204803023420409 0.10087565581095198
2.2488443268730745 0.10069443828165763
2.2928856303257397 0.1004979876996899
2.3369269337784053 0.10028800334735867
2.380968237231071 0.10006602773926934
2.4250095406837366 0.09983344571658781
2.469050844136402 0.0995914851548766
2.5130921475890675 0.09934121919391554
2.557133451041733 0.09908356988723006
2.6011747544943984 0.09881931315942907
2.645216057947064 0.098549084951766
2.6892573613997297 0.09827338842994518
2.7332986648523954 0.0979926021235142
2.7773399683050606 0.09770698886278727
2.8213812717577262 0.09741670537743315
2.865422575210392 0.097121812420439
2.909463878663057 0.09682228528194962
2.9535051821157228 0.09651802455969953
2.9975464855683884 0.09620886705613206
3.041587789021054 0.09589459667682831
3.0856290924737193 0.09557495521040466
3.129670395926385 0.0952496528768282
3.1737116993790506 0.094918378538414
3.217753002831716 0.09458080947627677
3.2617943062843815 0.09423662064410555
3.305835609737047 0.09388549332074596
3.349876913189713 0.09352712309351302
3.393918216642378 0.09316122711465512
3.4379595200950437 0.09278755058456793
3.4820008235477093 0.09240587242630642
3.526042127000375 0.0920160101273723
3.57008343045304 0.09161782373571398
3.614124733905706 0.0912112190079604
3.6581660373583715 0.09079614971840107
3.7022073408110368 0.09037261914752374
3.7462486442637024 0.08994068077836084
3.790289947716368 0.08950043823790572
3.8343312511690337 0.08905204452893549
3.878372554621699 0.08859570060477344
3.9224138580743646 0.08813165334579219
3.9664551615270303 0.08766019300166926
4.0104964649796955 0.08718165016751174
4.054537768432361 0.08669639236494085
4.098579071885027 0.08620482030105708
4.1426203753376925 0.0857073638788997
4.186661678790358 0.08520447803254177
4.230702982243023 0.08469663845839347
4.2747442856956885 0.08418433731174549
4.318785589148354 0.08366807893391937
4.36282689260102 0.08314837567108059
4.4068681960536855 0.08262574384037026
4.450909499506351 0.08210069989329703
4.494950802959017 0.08157375681973816
4.5389921064116825 0.08104542082916294
4.583033409864347 0.08051618833853315
4.627074713317013 0.0799865432890488
4.671116016769679 0.07945695480678808
4.715157320222344 0.07892787521498866
4.75919862367501 0.07839973839907992
4.803239927127676 0.07787295851893812
4.847281230580341 0.07734792905699267
4.891322534033006 0.0768250221853064
4.935363837485672 0.07630458843012052
4.979405140938337 0.0757869566082294
5.023446444391003 0.07527243400638367
5.067487747843669 0.07476130677238409
5.111529051296334 0.07425384048488537
5.155570354749 0.07375028086805832
5.199611658201665 0.07325085461708791
5.24365296165433 0.07275577030116549
5.287694265106996 0.07226521931183089
5.331735568559662 0.07177937682648033
5.375776872012327 0.07129840275919533
5.419818175464993 0.07082244267402135
5.463859478917659 0.07035162863893252
5.507900782370323 0.06988608000234431
5.551942085822989 0.06942590407762755
5.595983389275655 0.06897119672492948
5.64002469272832 0.06852204282332237
5.684065996180986 0.06807851663005704
5.728107299633652 0.06764068202717924
5.772148603086317 0.06720859265912454
5.816189906538982 0.06678229196791778
5.860231209991648 0.066361813135254
5.9042725134443135 0.06594717894309873
5.948313816896979 0.06553840156627835
5.992355120349645 0.06513548231204126
6.0363964238023105 0.06473841132253971
6.080437727254976 0.0643471672568333
6.124479030707641 0.06396171696907954
6.1685203341603065 0.06358201519944674
6.212561637612972 0.06320800429350211
6.256602941065638 0.06283961396499414
6.3006442445183035 0.062476761115585075
6.344685547970969 0.06211934972354365
6.388726851423635 0.061767270811737
6.4327681548763 0.06142040250327901
6.476809458328965 0.06107861017120322
6.520850761781631 0.060741746686501175
6.564892065234297 0.06040965276676381
6.608933368686962 0.06008215742565712
6.652974672139628 0.05975907852154413
6.697015975592294 0.05944022340175336
6.741057279044958 0.0591253896373572
6.785098582497624 0.058814365841894575
6.82913988595029 0.05850693256621334
6.873181189402955 0.0582028632606179
6.917222492855621 0.05790192529473625
6.961263796308287 0.05760388102497343
7.005305099760952 0.05730848889913298
7.049346403213618 0.057015504587693805
7.093387706666283 0.05672468213135053
7.137429010118948 0.056435775094755634
7.181470313571614 0.056148537716845005
7.22551161702428 0.055862726048745155
7.269552920476945 0.055578099070979964
7.313594223929611 0.05529441978246888
7.357635527382277 0.055011456254632836
7.401676830834941 0.05472898264481552
7.445718134287607 0.05444678016404092
7.489759437740273 0.05416463799493671
7.533800741192938 0.053882354156476416
7.577842044645604 0.0535997363128041
7.62188334809827 0.05331660252408704
7.665924651550935 0.053032781937826866
7.7099659550036 0.0527481154194959
7.754007258456266 0.052462456121681586
7.7980485619089315 0.05217566999115023
7.842089865361597 0.05188763621339697
7.886131168814263 0.05159824759426892
7.9301724722669285 0.05130741087827995
7.974213775719594 0.05101504700313917
8.01825507917226 0.05072109128989962
8.062296382624925 0.05042549356805759
8.106337686077591 0.0501282182347474
8.150378989530257 0.049829244247077145
8.194420292982922 0.04952856504658629
8.238461596435588 0.04922618841473782
8.282502899888254 0.04892213625839385
8.32654420334092 0.04861644432434145
8.370585506793585 0.048309161842083725
8.41462681024625 0.048000351094440515
8.458668113698915 0.047690086915840375
8.50270941715158 0.047378456118707744
8.546750720604246 0.04706555684889659
8.590792024056912 0.04675149787185293
8.634833327509577 0.04643639779189793
8.678874630962243 0.046120384207933976
8.722915934414909 0.04580359280974289
8.766957237867574 0.04548616642001393
8.81099854132024 0.04516825398823928
8.855039844772906 0.0448500095435743
8.899081148225571 0.04453159111474009
8.943122451678237 0.04421315962594265
8.987163755130902 0.04389487777866694
9.031205058583568 0.04357690892988112
9.075246362036234 0.043259415977876664
9.119287665488898 0.04294256026738273
9.163328968941563 0.04262650052591358
9.207370272394229 0.04231139184342664
9.251411575846895 0.04199738470724205
9.29545287929956 0.041684624103888526
9.339494182752226 0.04137324869900217
9.383535486204892 0.04106339010562808
9.427576789657557 0.04075517225032747
9.471618093110223 0.040448710845304256
9.515659396562889 0.04014411297335677
9.559700700015554 0.03984147679098485
9.60374200346822 0.03954089135320686
9.647783306920886 0.039242436561907755
9.691824610373551 0.038946183237593676
9.735865913826215 0.03865219331253816
9.77990721727888 0.038360520141330214
9.823948520731546 0.038071208922947554
9.867989824184212 0.037784297226629536
9.912031127636878 0.037499815612122366
9.956072431089543 0.03721778833324923
10.000113734542209 0.03693823411241691
10.044155037994875 0.03666116697244096
10.08819634144754 0.03638659711115026
10.132237644900206 0.03611453180352657
10.176278948352872 0.035844976315716724
10.220320251805537 0.035577934815112774
10.264361555258203 0.03531341126083326
10.308402858710869 0.03505141025934344
10.352444162163533 0.034791937870654634
10.396485465616198 0.034535002351455624
10.440526769068864 0.034280614822694476
10.48456807252153 0.03402878985052556
10.528609375974195 0.033779545931042626
10.57265067942686 0.033532905870958626
10.616691982879527 0.03328889705815645
10.660733286332192 0.03304755161795343
10.704774589784858 0.032808906452823354
10.748815893237524 0.03257300316525986
10.79285719669019 0.03233988786535726
10.836898500142855 0.03210961086653435
10.88093980359552 0.031882226274562483
10.924981107048186 0.03165779147668854
10.96902241050085 0.03143636653913416
11.013063713953516 0.03121801352255966
11.057105017406181 0.031002795726224715
11.101146320858847 0.030790776872535817
11.145187624311513 0.030582020244386457
11.189228927764178 0.030376587788270334
11.233270231216844 0.030174539196440274
11.27731153466951 0.02997593098154748
11.321352838122175 0.029780815557098408
11.365394141574841 0.02958924033681563
11.409435445027507 0.029401246865546845
11.453476748480172 0.029216869993750616
11.497518051932838 0.029036137106846636
11.541559355385504 0.028859067419794028
11.58560065883817 0.028685671346287706
11.629641962290833 0.028515949950810523
11.673683265743499 0.028349894490603364
11.717724569196164 0.02818748605335259
11.76176587264883 0.028028695295068805
11.805807176101496 0.027873482281294316
11.849848479554161 0.02772179643343014
11.893889783006827 0.027573576580590717
11.937931086459493 0.027428751116079102
11.981972389912158 0.02728723825625739
12.026013693364824 0.027148946398322698
12.07005499681749 0.027013774572302203
12.114096300270155 0.026881612981460842
12.158137603722821 0.026752343624253164
12.202178907175487 0.026625840990044298
12.24622021062815 0.026501972819957868
12.290261514080816 0.02638060092353446
12.334302817533482 0.026261582041280207
12.378344120986148 0.026144768742769994
12.422385424438813 0.026030010349676523
12.466426727891479 0.0259171538729513
12.510468031344145 0.025806044953426695
12.55450933479681 0.025696528795281285
12.598550638249476 0.025588451082143727
12.642591941702142 0.0254816588661221
12.686633245154807 0.025376001420680746
12.730674548607473 0.025271331049058817
12.774715852060138 0.025167503840844808
12.818757155512804 0.02506438037032908
12.862798458965468 0.024961826331354395
12.906839762418134 0.024859713104568634
12.9508810658708 0.02475791825419401
12.994922369323465 0.024656325952663705
13.03896367277613 0.02455482733271146
13.083004976228796 0.02445332076768544
13.127046279681462 0.02435171208200144
13.171087583134128 0.024249914694685126
13.215128886586793 0.02414784969989607
13.259170190039459 0.024045445889123378
13.303211493492125 0.02394263972039255
13.34725279694479 0.023839375240305424
13.391294100397456 0.023735603965050787
13.435335403850122 0.023631284726640743
13.479376707302785 0.02352638349058218
13.523418010755451 0.02342087315096761
13.567459314208117 0.023314733308556556
13.611500617660782 0.023207950036910552
13.655541921113448 0.023100515640929926
13.699583224566114 0.02299242841139735
13.74362452801878 0.0228836923782486
13.787665831471445 0.022774317064392726
13.83170713492411 0.022664317240972405
13.875748438376776 0.022553712684033344
13.919789741829442 0.022442527931698163
13.963831045282108 0.02233079204014018
14.007872348734773 0.022218538335935352
14.051913652187439 0.022105804161806037
14.095954955640105 0.021992630612315125
14.139996259092769 0.021879062255803966
14.184037562545434 0.021765146838747963
14.2280788659981 0.02165093496878156
14.272120169450766 0.021536479772877752
14.316161472903431 0.02142183652759631
14.360202776356097 0.021307062258880346
14.404244079808763 0.02119221530961624
14.448285383261428 0.021077354874024328
14.492326686714094 0.020962540498908205
14.53636799016676 0.020847831552832288
14.580409293619425 0.020733286665399836
14.62445059707209 0.020618963139917516
14.668491900524756 0.0205049163438504
14.712533203977422 0.020391199082558854
14.756574507430086 0.02027786096281665
14.800615810882752 0.020164947753550527
14.844657114335417 0.020052500752044473
14.888698417788083 0.019940556164535304
14.932739721240749 0.01982914451065052
14.976781024693414 0.019718290061478523
15.02082232814608 0.01960801032124853
15.064863631598746 0.019498315562560126
15.108904935051411 0.01938920842490154
15.152946238504077 0.019280683585779942
15.196987541956743 0.01917272751320348
15.241028845409408 0.019065318307467778
15.285070148862074 0.018958425639263025
15.32911145231474 0.018852010790011153
15.373152755767403 0.018746026799106245
15.41719405922007 0.01864041872136297
15.461235362672735 0.018535123996521703
15.5052766661254 0.018430072931113508
15.549317969578066 0.01832518929139376
15.593359273030732 0.01822039100442274
15.637400576483397 0.01811559096273975
15.681441879936063 0.018010697926447054
15.725483183388729 0.017905617514956458
15.769524486841394 0.017800253279114515
15.81356579029406 0.017694507843009754
15.857607093746726 0.017588284103431405
15.901648397199391 0.017481486473757878
15.945689700652057 0.017374022158006392
15.989731004104721 0.017265802439891093
16.033772307557385 0.017156743971035136
16.07781361101005 0.017046770041980394
16.121854914462716 0.016935811819330966
16.165896217915382 0.016823809532294724
16.209937521368047 0.016710713592024067
16.253978824820713 0.016596485627531053
16.29802012827338 0.01648109942256468
16.342061431726044 0.016364541738666055
16.38610273517871 0.01624681301069478
16.430144038631376 0.016127927902400647
16.47418534208404 0.01600791571111838
16.518226645536707 0.015886820612359142
16.562267948989373 0.015764701736954573
16.60630925244204 0.015641633075441353
16.650350555894704 0.015517703206554764
16.69439185934737 0.015393014848975114
16.738433162800035 0.01526768423783841
16.7824744662527 0.015141840329918803
16.826515769705367 0.01501562384381088
16.870557073158032 0.014889186143818709
16.914598376610694 0.014762687978580203
16.95863968006336 0.014636298087664297
17.002680983516026 0.014510191691447157
17.04672228696869 0.014384548881455437
17.090763590421357 0.014259552930028101
17.134804893874023 0.014135388539564062
17.17884619732669 0.0140122400527503
17.222887500779354 0.013890289645983302
17.26692880423202 0.013769715528697343
17.310970107684685 0.013650690171454235
17.35501141113735 0.013533378585450052
17.399052714590017 0.013417936675533973
17.443094018042682 0.013304509687925754
17.487135321495348 0.013193230772568681
17.531176624948014 0.013084219678487738
17.57521792840068 0.012977581598657233
17.619259231853345 0.012873406178750678
17.66330053530601 0.012771766701790626
17.707341838758676 0.012672719458170225
17.751383142211342 0.01257630330783272
17.795424445664008 0.012482539438618016
17.839465749116673 0.012391431321965707
17.88350705256934 0.012302964864350074
17.927548356022005 0.012217108750076104
17.97158965947467 0.012133814968418602
18.015630962927336 0.012053019515603548
18.05967226638 0.011974643259840165
18.103713569832667 0.011898592955561837
18.147754873285333 0.011824762391251199
18.191796176737995 0.011753033653736368
18.23583748019066 0.0116832784906741
18.279878783643326 0.011615359752090087
18.323920087095992 0.011549132891335065
18.367961390548658 0.011484447505633353
18.412002694001323 0.0114211488965428
18.45604399745399 0.011359079631093024
18.500085300906655 0.011298081085101946
18.54412660435932 0.011237994951163887
18.588167907811986 0.011178664695025075
18.63220921126465 0.011119936945475372
18.676250514717317 0.011061662804460496
18.720291818169983 0.011003699065807391
18.76433312162265 0.010945909332730718
18.808374425075314 0.010888165026097834
18.85241572852798 0.010830346277253697
18.896457031980646 0.010772342700993996
18.94049833543331 0.010714054046008309
18.984539638885977 0.010655390721756709
19.028580942338643 0.010596274202277585
19.072622245791308 0.010536637308829986
19.116663549243974 0.0104764243745324
19.16070485269664 0.010415591295271146
19.204746156149305 0.010354105472105251
19.24878745960197 0.010291945651187406
19.292828763054636 0.010229101667866914
19.336870066507302 0.010165574102134093
19.380911369959968 0.010101373852927902
19.42495267341263 0.01003652163906461
19.468993976865296 0.009971047434673141
19.51303528031796 0.009904989847052589
19.557076583770627 0.009838395444821565
19.601117887223293 0.009771318044114283
19.645159190675958 0.009703817960413268
19.689200494128624 0.009635961233407065
19.73324179758129 0.009567818832027768
19.777283101033955 0.00949946584657716
19.82132440448662 0.00943098067458377
19.865365707939286 0.009362444206771176
19.909407011391952 0.009293939019240395
19.953448314844618 0.009225548577696988
19.997489618297283 0.009157356459273272
20.04153092174995 0.009089445597210841
20.085572225202615 0.009021897553373315
20.12961352865528 0.008954791823253847
20.173654832107946 0.008888205177814822
20.21769613556061 0.008822211046155933
20.261737439013277 0.008756878942634326
20.305778742465943 0.008692273941669519
20.34982004591861 0.008628456203040645
20.393861349371274 0.008565480550037296
20.43790265282394 0.008503396102347452
20.481943956276606 0.008442245965071624
20.52598525972927 0.008382066974734781
20.570026563181937 0.008322889502640537
20.614067866634603 0.008264737315380475
20.65810917008727 0.008207627491780198
20.70215047353993 0.008151570395044886
20.746191776992596 0.008096569698370287
20.79023308044526 0.00804262246181298
20.834274383897927 0.007989719257784373
20.878315687350593 0.007937844342143775
20.92235699080326 0.007886975867532724
20.966398294255924 0.007837086135316314
21.01043959770859 0.007788141882281208
21.054480901161256 0.0077401045980911905
21.09852220461392 0.007692930869417197
21.142563508066587 0.007646572746638369
21.186604811519253 0.007600978129055767
21.23064611497192 0.007556091164661822
21.274687418424584 0.00751185266066613
21.31872872187725 0.007468200501180698
21.362770025329915 0.007425070068713115
21.40681132878258 0.007382394666389274
21.450852632235247 0.007340105938128963
21.494893935687912 0.0072981342843095555
21.538935239140578 0.007256409270773335
21.582976542593244 0.007214860029351023
21.62701784604591 0.007173415648383213
21.671059149498575 0.0071320055520096085
21.71510045295124 0.007090559867266434
21.759141756403906 0.00704900977826912
21.803183059856572 0.007007287866967866
21.847224363309238 0.0069653284401334425
21.891265666761903 0.00692306784236936
21.935306970214565 0.006880444755043482
21.97934827366723 0.006837400481096043
22.023389577119897 0.006793879215707015
22.067430880572562 0.006749828302802288
22.111472184025228 0.0067051984773407155
22.155513487477894 0.00665994409326591
22.19955479093056 0.0066140233369229706
22.243596094383225 0.006567398425642625
22.28763739783589 0.006520035791085694
22.331678701288556 0.006471906246823216
22.375720004741222 0.006422985139511589
22.419761308193888 0.0063732524829086005
22.463802611646553 0.006322693073872172
22.50784391509922 0.006271296589394197
22.551885218551885 0.006219057663650223
22.59592652200455 0.006165975943997153
22.639967825457216 0.006112056124827934
22.68400912890988 0.006057307958198618
22.728050432362547 0.006001746240179879
22.772091735815213 0.005945390771956169
22.81613303926788 0.0058882662947992
22.860174342720544 0.0058304023981805
22.90421564617321 0.005771833400460102
22.948256949625875 0.005712598201792059
22.99229825307854 0.005652740109120308
23.036339556531207 0.005592306633400854
23.080380859983872 0.005531349259468765
23.124422163436538 0.005469923189272162
23.168463466889204 0.005408087059512652
23.212504770341866 0.00534590263505553
23.25654607379453 0.005283434479802079
23.300587377247197 0.005220749607037293
23.344628680699863 0.005157917111580005
23.38866998415253 0.0050950077863555375
23.432711287605194 0.005032093726280955
23.47675259105786 0.0049692479225912755
23.520793894510525 0.004906543850936356
23.56483519796319 0.0048440550567358815
23.608876501415857 0.004781854741390179
23.652917804868522 0.004720015353002557
23.696959108321188 0.0046586081852704915
23.741000411773854 0.004597702988148069
23.78504171522652 0.004537367593767687
23.829083018679185 0.00447766756093599
23.87312432213185 0.0044186658412891395
23.917165625584516 0.00436042246990842
23.961206929037182 0.004302994282862241
24.005248232489848 0.004246434663761322
24.049289535942513 0.004190793320995602
24.09333083939518 0.0041361160968727976
24.137372142847845 0.004082444809406607
24.18141344630051 0.004029817127018789
24.225454749753176 0.003978266475930724
24.26949605320584 0.003927821979539831
24.313537356658507 0.0038785084286122543
24.357578660111173 0.003830346280687234
24.40161996356384 0.003783351686690411
24.4456612670165 0.003737536542400874
24.489702570469166 0.0036929085621215997
24.533743873921832 0.0036494713716680506
24.577785177374498 0.0036072246176259183
24.621826480827163 0.00356616408973732
24.66586778427983 0.0035262818532599094
24.709909087732495 0.003487566388206314
24.75395039118516 0.0034500027325107684
24.797991694637826 0.0034135726263837653
24.84203299809049 0.0033782546553990135
24.886074301543157 0.003344024390203934
24.930115604995823 0.0033108545211462557
24.97415690844849 0.003278714986556611
25.018198211901154 0.0032475730939074705
25.06223951535382 0.0032173936335709212
25.106280818806486 0.0031881389854084246
25.15032212225915 0.0031597692189296914
25.194363425711817 0.003132242188242585
25.238404729164483 0.0031055136234667403
25.28244603261715 0.003079537220686081
25.326487336069814 0.0030542647328592647
25.37052863952248 0.003029646064378085
25.414569942975145 0.0030056293721547845
25.45861124642781 0.0029821611762200387
25.502652549880477 0.0029591864828201423
25.546693853333142 0.002936648922909885
25.590735156785808 0.0029144909087462497
25.634776460238474 0.0028926538110000304
25.67881776369114 0.0028710781584201663
25.7228590671438 0.002849703861618364
25.766900370596467 0.002828470461996603
25.810941674049133 0.002807317406230936
25.8549829775018 0.0027861843460639207
25.899024280954464 0.002765011462461606
25.94306558440713 0.002743739812474994
25.987106887859795 0.00272231169642931
26.03114819131246 0.0027006710423636876
26.075189494765127 0.0026787638039793026
26.119230798217792 0.0026565383677414835
26.163272101670458 0.0026339459642384915
26.207313405123124 0.002610941078442632
26.25135470857579 0.002587481853159831
26.295396012028455 0.0025635304797054803
26.33943731548112 0.002539053569714251
26.383478618933786 0.0025140225019869267
26.427519922386452 0.0024884137384008297
26.471561225839118 0.002462209103162225
26.515602529291783 0.00243539602005628
26.55964383274445 0.0024079677028462742
26.603685136197115 0.0023799232945804845
26.64772643964978 0.002351267952269894
26.691767743102446 0.002322012874189287
26.73580904655511 0.0022921752679116877
26.779850350007777 0.0022617782580939107
26.823891653460443 0.0022308507339700062
26.86793295691311 0.0021994271374600146
26.911974260365774 0.0021675471937435764
26.956015563818436 0.00213525558706198
27.000056867271102 0.002102601585379136
27.044098170723768 0.0020696386183340723
27.088139474176433 0.0020364238136388515
27.1321807776291 0.0020030174977022515
27.176222081081765 0.00196948266677919
27.22026338453443 0.0019358844353502065
27.264304687987096 0.001902289468717069
27.30834599143976 0.0018687654069573195
27.352387294892427 0.0018353802874105424
27.396428598345093 0.0018022019727754396
27.44046990179776 0.0017692975916836903
27.484511205250424 0.0017367329982915208
27.52855250870309 0.0017045722570024641
27.572593812155755 0.0016728771579162668
27.61663511560842 0.0016417067680025135
27.660676419061087 0.0016111170223367523
27.704717722513752 0.001581160359027704
27.748759025966418 0.0015518854007206633
27.792800329419084 0.001523336684800668
27.83684163287175 0.0014955544436537974
27.880882936324415 0.0014685744355904494
27.92492423977708 0.0014424278263040272
27.968965543229746 0.0014171411200438468
28.013006846682412 0.0013927361390328288
28.057048150135078 0.0013692300490678118
28.101089453587743 0.001346635428709885
28.14513075704041 0.0013249603790099242
28.189172060493075 0.0013042086703238401
28.233213363945737 0.0012843799224553597
28.277254667398402 0.0012654698141216396
28.321295970851068 0.0012474703175680162
28.365337274303734 0.001230369954060287
28.4093785777564 0.0012141540659529322
28.453419881209065 0.0011988051010655833
28.49746118466173 0.001184302905192495
28.541502488114396 0.0011706250187159585
28.585543791567062 0.0011577469734882445
28.629585095019728 0.001145642586382298
28.673626398472393 0.001134284246182686
28.71766770192506 0.001123643190789674
28.761709005377725 0.0011136897720349054
28.80575030883039 0.001104393705751404
28.849791612283056 0.001095724305098622
28.89383291573572 0.001087650695509656
28.937874219188387 0.0010801420099982165
28.981915522641053 0.001073167563932921
29.02595682609372 0.0010666970087516948
29.069998129546384 0.0010607004644457687
29.11403943299905 0.0010551486309868384
29.158080736451716 0.001050012879198776
29.20212203990438 0.0010452653218833378
29.246163343357047 0.0010408788662938412
29.290204646809713 0.0010368272493085275
29.33424595026238 0.001033085056882969
29.378287253715044 0.0010296277295550934
29.42232855716771 0.0010264315559345982
29.46636986062037 0.0010234736562277434
29.510411164073037 0.001020731957926917
29.554452467525703 0.0010181851658297588
29.59849377097837 0.0010158127285445286
29.642535074431034 0.0010135948035855137
29.6865763778837 0.0010115122230658444
29.730617681336366 0.0010095464618555224
29.77465898478903 0.001007679609892274
29.818700288241697 0.0010058943501150767
29.862741591694363 0.0010041739432385772
29.90678289514703 0.0010025022203064336
29.950824198599694 0.001000863583658393
29.99486550205236 0.0009992430166264482
30.038906805505025 0.0009976261019469359
30.08294810895769 0.000995999048545685
30.126989412410357 0.0009943487260305765
30.171030715863022 0.0009926627059182803
30.215072019315688 0.0009909293083376885
30.259113322768354 0.0009891376526997239
30.30315462622102 0.00098727771060873
30.347195929673685 0.0009853403591215625
30.39123723312635 0.0009833174323419006
30.435278536579016 0.0009812017692738609
30.479319840031682 0.0009789872558535872
30.523361143484347 0.0009766688591316929
30.567402446937013 0.0009742426516931777
30.61144375038968 0.000971705824573033
30.655485053842344 0.0009690566871519727
30.699526357295007 0.0009662946527926506
30.743567660747672 0.0009634202092960874
30.787608964200338 0.0009604348736130739
30.831650267653004 0.0009573411306275174
30.87569157110567 0.0009541423562280084
30.919732874558335 0.0009508427252903481
30.963774178011 0.0009474471055964629
31.007815481463666 0.0009439609391034213
31.051856784916332 0.0009403901123395389
31.095898088368997 0.0009367408180329771
31.139939391821663 0.0009330194103625185
31.18398069527433 0.0009292322564522617
31.228021998726994 0.000925385586905303
31.27206330217966 0.000921485348280377
31.316104605632326 0.000917537060456864
31.36014590908499 0.0009135456818053075
31.404187212537657 0.0009095154849828342
31.448228515990323 0.0009054499460075609
31.49226981944299 0.0009013516490365379
31.536311122895654 0.0008972222089836443
31.58035242634832 0.0008930622137736326
31.624393729800985 0.000888871187644493
31.66843503325365 0.0008846475764917198
31.712476336706317 0.0008803887558048312
31.756517640158982 0.000876091061289392
31.800558943611648 0.0008717498418077019
31.844600247064314 0.0008673595338190267
31.88864155051698 0.0008629137560664716
31.932682853969645 0.0008584054228522537
31.976724157422307 0.0008538268738753539
32.020765460874976 0.0008491700182835773
32.06480676432764 0.0008444264903225086
32.10884806778031 0.0008395878137523728
32.15288937123297 0.0008346455720542812
32.19693067468564 0.0008295915813618878
32.240971978138305 0.0008244180630340945
32.28501328159097 0.0008191178128279647
32.329054585043636 0.0008136843637362215
32.3730958884963 0.0008081121397165436
32.41713719194897 0.0008023965977554217
32.46117849540163 0.00079653435597108
32.5052197988543 0.0007905233057608171
32.549261102306964 0.000784362706330217
32.59330240575963 0.0007780532602963157
32.637343709212296 0.000771597169425668
32.68138501266496 0.0007649981699423264
32.72542631611763 0.0007582615472115923
32.76946761957029 0.0007513941299650367
32.81350892302296 0.0007444042645729296
32.857550226475624 0.0007373017701854554
32.90159152992829 0.0007300978758478539
32.945632833380955 0.000722805140942308
32.98967413683362 0.000715437360517279
33.03371544028629 0.000708009457230653
33.07775674373895 0.0007005373617552034
33.12179804719162 0.0006930378835734236
33.16583935064428 0.0006855285741247842
33.20988065409695 0.0006780275842639675
33.253921957549615 0.000670553517946752
33.29796326100228 0.0006631252839846914
33.342004564454946 0.0006557619476052022
33.38604586790761 0.0006484825834251189
33.43008717136028 0.0006413061312984947
33.47412847481294 0.0006342512563391445
33.51816977826561 0.0006273362142504562
33.562211081718274 0.0006205787229247883
33.60625238517094 0.0006139958411074029
33.650293688623606 0.0006076038547596797
33.69433499207627 0.0006014181716075071
33.73837629552894 0.0005954532242263269
33.7824175989816 0.000589722381896818
33.82645890243426 0.0005842378713664188
33.87050020588693 0.0005790107065724616
33.91454150933959 0.0005740506273228074
33.95858281279226 0.0005693660468886425
34.002624116244924 0.0005649640084400818
34.04666541969759 0.0005608501502462789
34.090706723150255 0.0005570286795652347
34.13474802660292 0.0005535023551612676
34.17878933005559 0.000550272478406971
34.22283063350825 0.0005473388929477547
34.26687193696092 0.0005446999929273974
34.31091324041358 0.0005423527397890362
34.35495454386625 0.0005402926876745642
34.398995847318915 0.0005385140174438424
34.44303715077158 0.0005370095793212287
34.487078454224246 0.0005357709441490574
34.53111975767691 0.0005347884631848083
34.57516106112958 0.0005340513363205407
34.61920236458224 0.0005335476885300037
34.66324366803491 0.0005332646542617173
34.707284971487574 0.0005331884693969538
34.75132627494024 0.0005333045702821584
34.795367578392906 0.0005335976992286672
34.83940888184557 0.0005340520157519028
34.88345018529824 0.0005346512127009003
34.9274914887509 0.0005353786363108636
34.97153279220357 0.0005362174091001402
35.015574095656234 0.0005371505544323406
35.0596153991089 0.0005381611214777044
35.103656702561565 0.0005392323092387339
35.14769800601423 0.0005403475882561142
35.1917393094669 0.0005414908185847655
35.23578061291956 0.000542646362627991
35.27982191637223 0.0005437991914416353
35.323863219824894 0.0005449349831702449
35.36790452327756 0.0005460402123535106
35.411945826730225 0.0005471022289428531
35.45598713018289 0.0005481093259935841
35.500028433635556 0.0005490507951454936
35.54406973708822 0.0005499169691715365
35.58811104054089 0.0005506992510573124
35.63215234399355 0.0005513901292700141
35.67619364744622 0.000551983179080464
35.720234950898885 0.0005524730500121137
35.76427625435155 0.0005528554397021319
35.808317557804216 0.0005531270546680775
35.85235886125688 0.0005532855586751585
35.89640016470955 0.0005533295095898449
35.94044146816221 0.0005532582857823119
35.98448277161488 0.0005530720032994749
36.028524075067544 0.0005527714251696268
36.07256537852021 0.0005523578643164821
36.116606681972875 0.0005518330816530036
36.16064798542554 0.0005511991809922822
36.20468928887821 0.0005504585024532478
36.24873059233087 0.0005496135160526906
36.29277189578354 0.0005486667171620818
36.3368131992362 0.000547620525468734
36.38085450268886 0.0005464771890167768
36.42489580614153 0.0005452386948158151
36.468937109594194 0.0005439066873956016
36.51297841304686 0.000542482396555693
36.557019716499525 0.0005409665754120654
36.60106101995219 0.000539359449680583
36.645102323404856 0.000537660678962465
36.68914362685752 0.0005358693306123823
36.73318493031019 0.000533983866578019
36.77722623376285 0.0005320021434038147
36.82126753721552 0.000529921425393752
36.865308840668185 0.0005277384107312286
36.90935014412085 0.0005254492701608299
36.953391447573516 0.0005230496976497635
36.99743275102618 0.0005205349722682461
37.04147405447885 0.0005179000303605452
37.08551535793151 0.0005151395469238906
37.12955666138418 0.0005122480249730631
37.173597964836844 0.000509219891546075
37.21763926828951 0.0005060495989026667
37.261680571742176 0.0005027317293838196
37.30572187519484 0.0004992611023385624
37.34976317864751 0.0004956328814849304
37.39380448210017 0.0004918426810560395
37.43784578555284 0.0004878866690902682
37.481887089005504 0.0004837616662568412
37.52592839245817 0.0004794652386646213
37.569969695910835 0.0004749957831821455
37.6140109993635 0.0004703526039002776
37.658052302816166 0.00046553597849401226
37.70209360626883 0.00046054721338551657
37.7461349097215 0.00045538868677455
37.79017621317416 0.0004500638787826013
37.83421751662683 0.00044457738815094214
37.878258820079495 0.00043893493513721987
37.92230012353216 0.0004331433504670767
37.966341426984826 0.00042721055041304785
38.01038273043749 0.00042114549828898374
38.05442403389016 0.0004149581528607575
38.09846533734282 0.00040865940437914656
38.14250664079549 0.0004022609991347776
38.186547944248154 0.0003957754536142754
38.23058924770082 0.0003892159594976735
38.274630551153486 0.0003825962808767358
38.31867185460615 0.0003759306451891493
38.36271315805882 0.00036923362945232144
38.40675446151148 0.00036252004344084523
38.45079576496415 0.000355804811482365
38.494837068416814 0.0003491028545468418
38.53887837186948 0.0003424289742740714
38.582919675322145 0.0003357977405243878
38.62696097877481 0.0003292233839489229
38.67100228222748 0.0003227196949606269
38.71504358568014 0.0003162999303477478
38.75908488913281 0.00030997672861074417
38.803126192585474 0.0003037620349250503
38.84716749603813 0.00029766703643952246
38.8912087994908 0.0002917021084180023
38.93525010294346 0.0002858767715234553
38.97929140639613 0.00028019966033507283
39.023332709848795 0.00027467850298295703
39.06737401330146 0.000269320111586883
39.111415316754126 0.0002641303829991897
39.15545662020679 0.00025911430918094
39.19949792365946 0.00025427599638849335
39.24353922711212 0.00024961869221743307
39.28758053056479 0.00024514481944487907
39.331621834017454 0.00024085601553130583
39.37566313747012 0.00023675317659033703
39.419704440922786 0.00023283650461015893
39.46374574437545 0.0002291055567130548
39.50778704782812 0.00022555929526949322
39.55182835128078 0.00022219613773880945
39.59586965473345 0.00021901400518799677
39.639910958186114 0.0002160103685410787
39.68395226163878 0.00021318229173113168
39.727993565091445 0.00021052647106213377
39.77203486854411 0.0002080392702348915
39.81607617199678 0.00020571675064672853
39.86011747544944 0.0002035546967345416
39.90415877890211 0.0002015486362914939
39.948200082354774 0.00019969385584518045
39.99224138580744 0.00019798541133599272
40.036282689260105 0.00019641813447520226
40.08032399271277 0.00019498663528985677
40.124365296165436 0.00019368530147320358
40.1684065996181 0.00019250829525264293
40.21244790307077 0.00019144954856029856
40.25648920652343 0.0001905027573427562
40.3005305099761 0.0001896613758754583
40.344571813428765 0.00018891861195328402
40.38861311688143 0.00018826742381211853
40.432654420334096 0.00018770051959736406
40.47669572378676 0.00018721036013550794
40.52073702723943 0.00018678916568558787
40.56477833069209 0.00018642892725070334
40.60881963414476 0.00018612142291791944
40.652860937597424 0.00018585823957068
40.69690224105009 0.0001856308001840432
40.740943544502755 0.00018543039677276817
40.78498484795542 0.00018524822891867004
40.82902615140809 0.00018507544765993761
40.87306745486075 0.00018490320438444967
40.91710875831342 0.00018472270423461408
40.961150061766084 0.00018452526340580934
41.00519136521875 0.00018430236960681812
41.049232668671415 0.000184045744851138
41.09327397212408 0.00018374740966483168
41.137315275576746 0.00018339974773137017
41.18135657902941 0.0001829955699480846
41.22539788248208 0.0001825281768432928
41.26943918593474 0.00018199141829842373
41.31348048938741 0.00018137974953559273
41.35752179284007 0.00018068828236773667
41.40156309629273 0.00017991283076484083
41.4456043997454 0.000179049949864841
41.489645703198065 0.00017809696764994716
41.53368700665073 0.00017705200861661092
41.577728310103396 0.00017591400888803944
41.62176961355606 0.000174682722349729
41.66581091700873 0.00017335871752844647
41.70985222046139 0.0001719433650808206
41.75389352391406 0.00017043881590649772
41.797934827366724 0.00016884797005000142
41.84197613081939 0.00016717443670229785
41.886017434272055 0.00016542248575505944
41.93005873772472 0.0001635969914952583
41.97410004117739 0.0001617033691527467
42.01814134463005 0.00015974750512681227
42.06218264808272 0.00015773568181749802
42.106223951535384 0.0001556744980722091
42.15026525498805 0.00015357078632647348
42.194306558440715 0.00015143152756875715
42.23834786189338 0.00014926376529222652
42.282389165346046 0.00014707451961099163
42.32643046879871 0.00014487070271456589
42.37047177225138 0.0001426590368122875
42.41451307570404 0.00014044597567981483
42.45855437915671 0.000138237630863303
42.502595682609375 0.00013603970352455504
42.54663698606204 0.00013385742282360694
42.590678289514706 0.0001316954916353
42.63471959296737 0.00012955804028512446
42.67876089642004 0.00012744858886874815
42.7228021998727 0.00012537001859114813
42.76684350332537 0.0001233245524271277
42.810884806778034 0.00012131374526735638
42.8549261102307 0.00011933848357500308
42.898967413683366 0.00011739899443968514
42.94300871713603 0.00011549486377993049
42.9870500205887 0.00011362506331466655
43.03109132404136 0.00011178798580039613
43.07513262749403 0.00010998148791551657
43.119173930946694 0.0001082029400683979
43.16321523439936 0.00010644928231291026
43.207256537852025 0.00010471708547540753
43.25129784130469 0.0001030026165319111
43.29533914475736 0.00010130190722427876
43.33938044821002 9.961082487018193e-05
43.38342175166269 9.792514430416146e-05
43.42746305511535 9.624061988602543e-05
43.47150435856802 9.455305652830276e-05
43.515545662020685 9.285837872595177e-05
43.55958696547335 9.115269661842131e-05
43.603628268926016 8.943236817553586e-05
43.64766957237868 8.769405667340583e-05
43.69171087583135 8.593478271324737e-05
43.73575217928401 8.415197013307843e-05
43.77979348273668 8.234348526799593e-05
43.823834786189344 8.05076691272275e-05
43.867876089642 7.864336217343862e-05
43.91191739309467 7.674992150976645e-05
43.955958696547334 7.482723040069193e-05
44.0 7.287570017205912e-05
